000000000000000
000000000000000
000000000000000
000000000001000
000000000000000
000000000000000
000000000000000
000000000000000
000000000000000
000000000000000
000000000000000
000000000000000
000000000000000
000000000000000
000000000000000

000000000000000
000000000000000
000000000000000
000000000001000
000000000001000
000000000000000
000000000000000
000000000000000
000000000000000
000000000000000
000000000000000
000000000000000
000000000000000
000000000000000
000000000000000

000000000000000
000000000000000
000000000000000
000000000001000
000000000001000
010000000000000
000000000000000
000000000000000
000000000000000
000000000000000
000000000000000
000000000000000
000000000000000
000000000000000
000000000000000

000000000000000
000000000000000
000000000000000
000000000001000
000000000001000
010000000000000
010000000000000
000000000000000
000000000000000
000000000000000
000000000000000
000000000000000
000000000000000
000000000000000
000000000000000

000000000000000
000000000000000
000000000000000
000000000001000
000000000001000
010000000000000
010000000000000
100000000000000
000000000000000
000000000000000
000000000000000
000000000000000
000000000000000
000000000000000
000000000000000

000000000000000
000000000000000
000000000000000
000000000001000
000000000001000
010000000000000
010000000000000
100000000000000
100000000000000
000000000000000
000000000000000
000000000000000
000000000000000
000000000000000
000000000000000

000000000000000
000000000000000
000000000000000
000000000001000
000000000001000
010000000000000
010000000000000
100000000000000
100000000000000
100000000000000
000000000000000
000000000000000
000000000000000
000000000000000
000000000000000

000000000000000
000000000000000
000000000000000
000000000001000
000000000001000
010000000000000
010000000000000
100000000000000
100000000000000
100000000000000
100000000000000
000000000000000
000000000000000
000000000000000
000000000000000

000000000000000
000000000000000
000000000000000
000000000001000
000000000001000
010000000000000
010000000000000
100000000000000
100000000000000
100000000000000
100000000000000
100000000000000
000000000000000
000000000000000
000000000000000

000000000000000
000000000000000
000000000000000
000000000001000
000000000001000
010000000000000
010000000000000
100000000000000
100000000000000
100000000000000
100000000000000
100000000000000
100000000000000
000000000000000
000000000000000

000000000000000
000000000000000
000000000000000
000000000001000
000000000001000
010000000000000
010000000000000
100000000000000
100000000000000
100000000000000
100000000000000
100000000000000
100000000000000
000100000000000
000000000000000

000000000000000
000000000000000
000000000000000
000000000001000
000000000001000
010000000000000
010000000000000
100000000000000
100000000000000
100000000000000
100000000000000
100000000000000
100000000000000
000100000000000
000100000000000

000000000000000
000000000000000
000000000000000
000000000001100
000000000001000
010000000000000
010000000000000
100000000000000
100000000000000
100000000000000
100000000000000
100000000000000
100000000000000
000100000000000
000100000000000

000000000000000
000000000000000
000000000000000
000000000001100
000000000001000
010000000001000
010000000000000
100000000000000
100000000000000
100000000000000
100000000000000
100000000000000
100000000000000
000100000000000
000100000000000

000000000000000
000000000000000
000000000000000
000000000001100
000000000001100
010000000001000
010000000000000
100000000000000
100000000000000
100000000000000
100000000000000
100000000000000
100000000000000
000100000000000
000100000000000

000000000000000
000000000000000
000000000000000
000000000001100
000000000001100
011000000001000
010000000000000
100000000000000
100000000000000
100000000000000
100000000000000
100000000000000
100000000000000
000100000000000
000100000000000

000000000000000
000000000000000
000000000000000
000000000001100
000000000001100
011000000001000
010000000000000
110000000000000
100000000000000
100000000000000
100000000000000
100000000000000
100000000000000
000100000000000
000100000000000

000000000000000
000000000000000
000000000000000
000000000001100
000000000001100
011000000001000
011000000000000
110000000000000
100000000000000
100000000000000
100000000000000
100000000000000
100000000000000
000100000000000
000100000000000

000000000000000
000000000000000
000000000000000
000000000001100
000000000001100
011000000001000
011000000000000
110000000000000
110000000000000
100000000000000
100000000000000
100000000000000
100000000000000
000100000000000
000100000000000

000000000000000
000000000000000
000000000000000
000000000001100
000000000001100
011000000001000
011000000000000
110000000000000
110000000000000
110000000000000
100000000000000
100000000000000
100000000000000
000100000000000
000100000000000

000000000000000
000000000000000
000000000000000
000000000001100
000000000001100
011000000001000
011000000000000
110000000000000
110000000000000
110000000000000
110000000000000
100000000000000
100000000000000
000100000000000
000100000000000

000000000000000
000000000000000
000000000000000
000000000001100
000000000001100
011000000001000
011000000000000
110000000000000
110000000000000
110000000000000
110000000000000
110000000000000
100000000000000
000100000000000
000100000000000

000000000000000
000000000000000
000000000000000
000000000001100
000000000001100
011000000001000
011000000000000
110000000000000
110000000000000
110000000000000
110000000000000
110000000000000
110000000000000
000100000000000
000100000000000

000000000000000
000000000000000
000000000000000
000000000001100
000000000001100
011000000001000
011000000000000
110000000000000
110000000000000
110000000000000
110000000000000
110000000000000
110100000000000
000100000000000
000100000000000

000000000000000
000000000000000
000000000000000
000000000001100
000000000001100
011000000001000
011000000000000
110000000000000
110000000000000
110000000000000
110000000000000
110000000000000
110100000000000
000110000000000
000100000000000

000000000000000
000000000000000
000000000000000
000000000001100
000000000001100
011000000001000
011000000000000
110000000000000
110000000000000
110000000000000
110000000000000
110000000000000
110100000000000
000110000000000
000110000000000

000000000000000
000000000000000
000000000000000
000000000001110
000000000001100
011000000001000
011000000000000
110000000000000
110000000000000
110000000000000
110000000000000
110000000000000
110100000000000
000110000000000
000110000000000

000000000000000
000000000000000
000000000000000
000000000001110
000000000001100
011000000001000
011000000001000
110000000000000
110000000000000
110000000000000
110000000000000
110000000000000
110100000000000
000110000000000
000110000000000

000000000000000
000000000000000
000000000000000
000000000001110
000000000001100
011000000001100
011000000001000
110000000000000
110000000000000
110000000000000
110000000000000
110000000000000
110100000000000
000110000000000
000110000000000

000000000000000
000000000000000
000000000000000
000000000001110
000000000001110
011000000001100
011000000001000
110000000000000
110000000000000
110000000000000
110000000000000
110000000000000
110100000000000
000110000000000
000110000000000

000000000000000
000000000000000
000000000000000
000000000001110
000000000001110
011100000001100
011000000001000
110000000000000
110000000000000
110000000000000
110000000000000
110000000000000
110100000000000
000110000000000
000110000000000

000000000000000
000000000000000
000000000000000
000000000001110
000000000001110
011100000001100
011000000001000
111000000000000
110000000000000
110000000000000
110000000000000
110000000000000
110100000000000
000110000000000
000110000000000

000000000000000
000000000000000
000000000000000
000000000001110
000000000001110
011100000001100
011100000001000
111000000000000
110000000000000
110000000000000
110000000000000
110000000000000
110100000000000
000110000000000
000110000000000

000000000000000
000000000000000
000000000000000
000000000001110
000000000001110
011100000001100
011100000001000
111000000000000
111000000000000
110000000000000
110000000000000
110000000000000
110100000000000
000110000000000
000110000000000

000000000000000
000000000000000
000000000000000
000000000001110
000000000001110
011100000001100
011100000001000
111000000000000
111000000000000
111000000000000
110000000000000
110000000000000
110100000000000
000110000000000
000110000000000

000000000000000
000000000000000
000000000000000
000000000001110
000000000001110
011100000001100
011100000001000
111000000000000
111000000000000
111000000000000
111000000000000
110000000000000
110100000000000
000110000000000
000110000000000

000000000000000
000000000000000
000000000000000
000000000001110
000000000001110
011100000001100
011100000001000
111000000000000
111000000000000
111000000000000
111000000000000
111000000000000
110100000000000
000110000000000
000110000000000

000000000000000
000000000000000
000000000000000
000000000001110
000000000001110
011100000001100
011100000001000
111000000000000
111000000000000
111000000000000
111000000000000
111000000000000
111100000000000
000110000000000
000110000000000

000000000000000
000000000000000
000000000000000
000000000001110
000000000001110
011100000001100
011100000001000
111000000000000
111000000000000
111000000000000
111000000000000
111100000000000
111100000000000
000110000000000
000110000000000

000000000000000
000000000000000
000000000000000
000000000001110
000000000001110
011100000001100
011100000001000
111000000000000
111000000000000
111000000000000
111000000000000
111100000000000
111110000000000
000110000000000
000110000000000

000000000000000
000000000000000
000000000000000
000000000001110
000000000001110
011100000001100
011100000001000
111000000000000
111000000000000
111000000000000
111000000000000
111100000000000
111110000000000
000111000000000
000110000000000

000000000000000
000000000000000
000000000000000
000000000001110
000000000001110
011100000001100
011100000001000
111000000000000
111000000000000
111000000000000
111000000000000
111100000000000
111110000000000
000111000000000
000111000000000

000000000000000
000000000000000
000000000000000
000000000001111
000000000001110
011100000001100
011100000001000
111000000000000
111000000000000
111000000000000
111000000000000
111100000000000
111110000000000
000111000000000
000111000000000

000000000000000
000000000000000
000000000000000
000000000001111
000000000001110
011100000001100
011100000001000
111000000001000
111000000000000
111000000000000
111000000000000
111100000000000
111110000000000
000111000000000
000111000000000

000000000000000
000000000000000
000000000000000
000000000001111
000000000001110
011100000001100
011100000001100
111000000001000
111000000000000
111000000000000
111000000000000
111100000000000
111110000000000
000111000000000
000111000000000

000000000000000
000000000000000
000000000000000
000000000001111
000000000001110
011100000001110
011100000001100
111000000001000
111000000000000
111000000000000
111000000000000
111100000000000
111110000000000
000111000000000
000111000000000

000000000000000
000000000000000
000000000000000
000000000001111
000000000001111
011100000001110
011100000001100
111000000001000
111000000000000
111000000000000
111000000000000
111100000000000
111110000000000
000111000000000
000111000000000

000000000000000
000000000000000
000000000000000
000000000001111
000000000001111
011110000001110
011100000001100
111000000001000
111000000000000
111000000000000
111000000000000
111100000000000
111110000000000
000111000000000
000111000000000

000000000000000
000000000000000
000000000000000
000000000001111
000000000001111
011110000001110
011100000001100
111100000001000
111000000000000
111000000000000
111000000000000
111100000000000
111110000000000
000111000000000
000111000000000

000000000000000
000000000000000
000000000000000
000000000001111
000000000001111
011110000001110
011110000001100
111100000001000
111000000000000
111000000000000
111000000000000
111100000000000
111110000000000
000111000000000
000111000000000

000000000000000
000000000000000
000000000000000
000000000001111
000000000001111
011110000001110
011110000001100
111100000001000
111100000000000
111000000000000
111000000000000
111100000000000
111110000000000
000111000000000
000111000000000

000000000000000
000000000000000
000000000000000
000000000001111
000000000001111
011110000001110
011110000001100
111100000001000
111100000000000
111100000000000
111000000000000
111100000000000
111110000000000
000111000000000
000111000000000

000000000000000
000000000000000
000000000000000
000000000001111
000000000001111
011110000001110
011110000001100
111100000001000
111100000000000
111100000000000
111100000000000
111100000000000
111110000000000
000111000000000
000111000000000

000000000000000
000000000000000
000000000000000
000000000001111
000000000001111
011110000001110
011110000001100
111100000001000
111100000000000
111100000000000
111100000000000
111110000000000
111110000000000
000111000000000
000111000000000

000000000000000
000000000000000
000000000000000
000000000001111
000000000001111
011110000001110
011110000001100
111100000001000
111100000000000
111100000000000
111100000000000
111110000000000
111111000000000
000111000000000
000111000000000

000000000000000
000000000000000
000000000000000
000000000001111
000000000001111
011110000001110
011110000001100
111100000001000
111100000000000
111100000000000
111100000000000
111110000000000
111111000000000
000111100000000
000111000000000

000000000000000
000000000000000
000000000000000
000000000001111
000000000001111
011110000001110
011110000001100
111100000001000
111100000000000
111100000000000
111100000000000
111110000000000
111111000000000
000111100000000
000111100000000

000000000000000
000000000000000
000000000000000
000000000001111
000000000001111
011110000001110
011110000001100
111100000001000
111100000001000
111100000000000
111100000000000
111110000000000
111111000000000
000111100000000
000111100000000

000000000000000
000000000000000
000000000000000
000000000001111
000000000001111
011110000001110
011110000001100
111100000001100
111100000001000
111100000000000
111100000000000
111110000000000
111111000000000
000111100000000
000111100000000

000000000000000
000000000000000
000000000000000
000000000001111
000000000001111
011110000001110
011110000001110
111100000001100
111100000001000
111100000000000
111100000000000
111110000000000
111111000000000
000111100000000
000111100000000

000000000000000
000000000000000
000000000000000
000000000001111
000000000001111
011110000001111
011110000001110
111100000001100
111100000001000
111100000000000
111100000000000
111110000000000
111111000000000
000111100000000
000111100000000

000000000000000
000000000000000
000000000000000
000000000001111
000000000001111
011111000001111
011110000001110
111100000001100
111100000001000
111100000000000
111100000000000
111110000000000
111111000000000
000111100000000
000111100000000

000000000000000
000000000000000
000000000000000
000000000001111
000000000001111
011111000001111
011110000001110
111110000001100
111100000001000
111100000000000
111100000000000
111110000000000
111111000000000
000111100000000
000111100000000

000000000000000
000000000000000
000000000000000
000000000001111
000000000001111
011111000001111
011111000001110
111110000001100
111100000001000
111100000000000
111100000000000
111110000000000
111111000000000
000111100000000
000111100000000

000000000000000
000000000000000
000000000000000
000000000001111
000000000001111
011111000001111
011111000001110
111110000001100
111110000001000
111100000000000
111100000000000
111110000000000
111111000000000
000111100000000
000111100000000

000000000000000
000000000000000
000000000000000
000000000001111
000000000001111
011111000001111
011111000001110
111110000001100
111110000001000
111110000000000
111100000000000
111110000000000
111111000000000
000111100000000
000111100000000

000000000000000
000000000000000
000000000000000
000000000001111
000000000001111
011111000001111
011111000001110
111110000001100
111110000001000
111110000000000
111110000000000
111110000000000
111111000000000
000111100000000
000111100000000

000000000000000
000000000000000
000000000000000
000000000001111
000000000001111
011111000001111
011111000001110
111110000001100
111110000001000
111110000000000
111110000000000
111111000000000
111111000000000
000111100000000
000111100000000

000000000000000
000000000000000
000000000000000
000000000001111
000000000001111
011111000001111
011111000001110
111110000001100
111110000001000
111110000000000
111110000000000
111111000000000
111111100000000
000111100000000
000111100000000

000000000000000
000000000000000
000000000000000
000000000001111
000000000001111
011111000001111
011111000001110
111110000001100
111110000001000
111110000000000
111110000000000
111111000000000
111111100000000
000111110000000
000111100000000

000000000000000
000000000000000
000000000000000
000000000001111
000000000001111
011111000001111
011111000001110
111110000001100
111110000001000
111110000000000
111110000000000
111111000000000
111111100000000
000111110000000
000111110000000

000000000000000
000000000000000
000000000000000
000000000001111
000000000001111
011111000001111
011111000001110
111110000001100
111110000001000
111110000001000
111110000000000
111111000000000
111111100000000
000111110000000
000111110000000

000000000000000
000000000000000
000000000000000
000000000001111
000000000001111
011111000001111
011111000001110
111110000001100
111110000001100
111110000001000
111110000000000
111111000000000
111111100000000
000111110000000
000111110000000

000000000000000
000000000000000
000000000000000
000000000001111
000000000001111
011111000001111
011111000001110
111110000001110
111110000001100
111110000001000
111110000000000
111111000000000
111111100000000
000111110000000
000111110000000

000000000000000
000000000000000
000000000000000
000000000001111
000000000001111
011111000001111
011111000001111
111110000001110
111110000001100
111110000001000
111110000000000
111111000000000
111111100000000
000111110000000
000111110000000

000000000000000
000000000000000
000000000000000
000000000001111
000000000001111
011111100001111
011111000001111
111110000001110
111110000001100
111110000001000
111110000000000
111111000000000
111111100000000
000111110000000
000111110000000

000000000000000
000000000000000
000000000000000
000000000001111
000000000001111
011111100001111
011111000001111
111111000001110
111110000001100
111110000001000
111110000000000
111111000000000
111111100000000
000111110000000
000111110000000

000000000000000
000000000000000
000000000000000
000000000001111
000000000001111
011111100001111
011111100001111
111111000001110
111110000001100
111110000001000
111110000000000
111111000000000
111111100000000
000111110000000
000111110000000

000000000000000
000000000000000
000000000000000
000000000001111
000000000001111
011111100001111
011111100001111
111111000001110
111111000001100
111110000001000
111110000000000
111111000000000
111111100000000
000111110000000
000111110000000

000000000000000
000000000000000
000000000000000
000000000001111
000000000001111
011111100001111
011111100001111
111111000001110
111111000001100
111111000001000
111110000000000
111111000000000
111111100000000
000111110000000
000111110000000

000000000000000
000000000000000
000000000000000
000000000001111
000000000001111
011111100001111
011111100001111
111111000001110
111111000001100
111111000001000
111110000000000
111111100000000
111111100000000
000111110000000
000111110000000

000000000000000
000000000000000
000000000000000
000000000001111
000000000001111
011111100001111
011111100001111
111111000001110
111111000001100
111111000001000
111110000000000
111111100000000
111111110000000
000111110000000
000111110000000

000000000000000
000000000000000
000000000000000
000000000001111
000000000001111
011111100001111
011111100001111
111111000001110
111111000001100
111111000001000
111110000000000
111111100000000
111111110000000
000111111000000
000111110000000

000000000000000
000000000000000
000000000000000
000000000001111
000000000001111
011111100001111
011111100001111
111111000001110
111111000001100
111111000001000
111110000000000
111111100000000
111111110000000
000111111000000
000111111000000

000000000000000
000000000000000
000000000000000
000000000001111
000000000001111
011111100001111
011111100001111
111111000001110
111111000001100
111111000001000
111110000001000
111111100000000
111111110000000
000111111000000
000111111000000

000000000000000
000000000000000
000000000000000
000000000001111
000000000001111
011111100001111
011111100001111
111111000001110
111111000001100
111111000001100
111110000001000
111111100000000
111111110000000
000111111000000
000111111000000

000000000000000
000000000000000
000000000000000
000000000001111
000000000001111
011111100001111
011111100001111
111111000001110
111111000001110
111111000001100
111110000001000
111111100000000
111111110000000
000111111000000
000111111000000

000000000000000
000000000000000
000000000000000
000000000001111
000000000001111
011111100001111
011111100001111
111111000001111
111111000001110
111111000001100
111110000001000
111111100000000
111111110000000
000111111000000
000111111000000

000000000000000
000000000000000
000000000000000
000000000001111
000000000001111
011111100001111
011111100001111
111111100001111
111111000001110
111111000001100
111110000001000
111111100000000
111111110000000
000111111000000
000111111000000

000000000000000
000000000000000
000000000000000
000000000001111
000000000001111
011111100001111
011111100001111
111111100001111
111111100001110
111111000001100
111110000001000
111111100000000
111111110000000
000111111000000
000111111000000

000000000000000
000000000000000
000000000000000
000000000001111
000000000001111
011111100001111
011111100001111
111111100001111
111111100001110
111111100001100
111110000001000
111111100000000
111111110000000
000111111000000
000111111000000

000000000000000
000000000000000
000000000000000
000000000001111
000000000001111
011111100001111
011111100001111
111111100001111
111111100001110
111111100001100
111110000001000
111111110000000
111111110000000
000111111000000
000111111000000

000000000000000
000000000000000
000000000000000
000000000001111
000000000001111
011111100001111
011111100001111
111111100001111
111111100001110
111111100001100
111110000001000
111111110000000
111111111000000
000111111000000
000111111000000

000000000000000
000000000000000
000000000000000
000000000001111
000000000001111
011111100001111
011111100001111
111111100001111
111111100001110
111111100001100
111110000001000
111111110000000
111111111000000
000111111100000
000111111000000

000000000000000
000000000000000
000000000000000
000000000001111
000000000001111
011111100001111
011111100001111
111111100001111
111111100001110
111111100001100
111110000001000
111111110000000
111111111000000
000111111100000
000111111100000

000000000000000
000000000000000
000000000000000
000000000001111
000000000001111
011111100001111
011111100001111
111111100001111
111111100001110
111111100001100
111110000001000
111111110001000
111111111000000
000111111100000
000111111100000

000000000000000
000000000000000
000000000000000
000000000001111
000000000001111
011111100001111
011111100001111
111111100001111
111111100001110
111111100001100
111110000001100
111111110001000
111111111000000
000111111100000
000111111100000

000000000000000
000000000000000
000000000000000
000000000001111
000000000001111
011111100001111
011111100001111
111111100001111
111111100001110
111111100001110
111110000001100
111111110001000
111111111000000
000111111100000
000111111100000

000000000000000
000000000000000
000000000000000
000000000001111
000000000001111
011111100001111
011111100001111
111111100001111
111111100001111
111111100001110
111110000001100
111111110001000
111111111000000
000111111100000
000111111100000

000000000000000
000000000000000
000000000000000
000000000001111
000000000001111
011111100001111
011111100001111
111111100001111
111111100001111
111111100001110
111110000001100
111111111001000
111111111000000
000111111100000
000111111100000

000000000000000
000000000000000
000000000000000
000000000001111
000000000001111
011111100001111
011111100001111
111111100001111
111111100001111
111111100001110
111110000001100
111111111001000
111111111100000
000111111100000
000111111100000

000000000000000
000000000000000
000000000000000
000000000001111
000000000001111
011111100001111
011111100001111
111111100001111
111111100001111
111111100001110
111110000001100
111111111001100
111111111100000
000111111100000
000111111100000

000000000000000
000000000000000
000000000000000
000000000001111
000000000001111
011111100001111
011111100001111
111111100001111
111111100001111
111111100001110
111110000001110
111111111001100
111111111100000
000111111100000
000111111100000

000000000000000
000000000000000
000000000000000
000000000001111
000000000001111
011111100001111
011111100001111
111111100001111
111111100001111
111111100001111
111110000001110
111111111001100
111111111100000
000111111100000
000111111100000

000000000000000
000000000000000
000000000000000
000000000001111
000000000001111
011111100001111
011111100001111
111111100001111
111111100001111
111111100001111
111110000001110
111111111101100
111111111100000
000111111100000
000111111100000

000000000000000
000000000000000
000000000000000
000000000001111
000000000001111
011111100001111
011111100001111
111111100001111
111111100001111
111111100001111
111110000001110
111111111101100
111111111100100
000111111100000
000111111100000

000000000000000
000000000000000
000000000000000
000000000001111
000000000001111
011111100001111
011111100001111
111111100001111
111111100001111
111111100001111
111110000001110
111111111101110
111111111100100
000111111100000
000111111100000

000000000000000
000000000000000
000000000000000
000000000001111
000000000001111
011111100001111
011111100001111
111111100001111
111111100001111
111111100001111
111110000001111
111111111101110
111111111100100
000111111100000
000111111100000

000000000000000
000000000000000
000000000000000
000000000001111
000000000001111
011111100001111
011111100001111
111111100001111
111111100001111
111111100001111
111110000001111
111111111101110
111111111100100
000111111100100
000111111100000

000000000000000
000000000000000
000000000000000
000000000001111
000000000001111
011111100001111
011111100001111
111111100001111
111111100001111
111111100001111
111110000001111
111111111101110
111111111100110
000111111100100
000111111100000

000000000000000
000000000000000
000000000000000
000000000001111
000000000001111
011111100001111
011111100001111
111111100001111
111111100001111
111111100001111
111110000001111
111111111101111
111111111100110
000111111100100
000111111100000

000000000000000
000000000000000
000000000000000
000000000001111
000000000001111
011111100001111
011111100001111
111111100001111
111111100001111
111111100001111
111110000001111
111111111101111
111111111100110
000111111100100
000111111100100

000000000000000
000000000000000
000000000000000
000000000001111
000000000001111
011111100001111
011111100001111
111111100001111
111111100001111
111111100001111
111110000001111
111111111101111
111111111100110
000111111100110
000111111100100

000000000000000
000000000000000
000000000000000
000000000001111
000000000001111
011111100001111
011111100001111
111111100001111
111111100001111
111111100001111
111110000001111
111111111101111
111111111100111
000111111100110
000111111100100

000000000000000
000000000000000
000000000000000
000000000001111
000000000001111
011111100001111
011111100001111
111111100001111
111111100001111
111111100001111
111110000001111
111111111101111
111111111100111
000111111100110
000111111100110

000000000000000
000000000000000
000000000000000
000000000001111
000000000001111
011111100001111
011111100001111
111111100001111
111111100001111
111111100001111
111110000001111
111111111101111
111111111100111
000111111100111
000111111100110

000000000000000
000000000000000
000000000000000
000000000001111
000000000001111
011111100001111
011111100001111
111111100001111
111111100001111
111111100001111
111110000001111
111111111101111
111111111100111
000111111100111
000111111100111

000000000000000
000000000000000
000001111100000
000001111100000
000001111111111
000001111111111
000001111111111
000001111111110
011111111111100
011111111111000
011111111110000
011111111100000
011111111100000
011111111100000
011111111100000

000000000000000
000000000000000
000001111100000
000001111100000
000001111111111
000001111111111
000001111111111
000001111111110
011111111111100
011111111111000
011111111110000
011111111110000
011111111100000
011111111100000
011111111100000

000000000000000
000000000000000
000001111100000
000001111100000
000001111111111
000001111111111
000001111111111
000001111111110
011111111111100
011111111111000
011111111111000
011111111110000
011111111100000
011111111100000
011111111100000

000000000000000
000000000000000
000001111100000
000001111100000
000001111111111
000001111111111
000001111111111
000001111111110
011111111111100
011111111111100
011111111111000
011111111110000
011111111100000
011111111100000
011111111100000

000000000000000
000000000000000
000001111100000
000001111100000
000001111111111
000001111111111
000001111111111
000001111111110
011111111111110
011111111111100
011111111111000
011111111110000
011111111100000
011111111100000
011111111100000

000000000000000
000000000000000
000001111100000
000001111100000
000001111111111
000001111111111
000001111111111
000001111111111
011111111111110
011111111111100
011111111111000
011111111110000
011111111100000
011111111100000
011111111100000

000000000000000
000000000000000
000001111100000
000001111100000
000001111111111
000001111111111
000001111111111
000001111111111
011111111111110
011111111111100
011111111111000
011111111110000
011111111110000
011111111100000
011111111100000

000000000000000
000000000000000
000001111100000
000001111100000
000001111111111
000001111111111
000001111111111
000001111111111
011111111111110
011111111111100
011111111111000
011111111110000
011111111110000
011111111110000
011111111100000

000000000000000
000000000000000
000001111100000
000001111100000
000001111111111
000001111111111
000001111111111
000001111111111
011111111111110
011111111111100
011111111111000
011111111110000
011111111110000
011111111110000
011111111110000

000000000000000
000000000000000
000001111100000
000001111100000
000001111111111
000001111111111
000001111111111
000001111111111
011111111111110
011111111111100
011111111111000
011111111111000
011111111110000
011111111110000
011111111110000

000000000000000
000000000000000
000001111100000
000001111100000
000001111111111
000001111111111
000001111111111
000001111111111
011111111111110
011111111111100
011111111111100
011111111111000
011111111110000
011111111110000
011111111110000

000000000000000
000000000000000
000001111100000
000001111100000
000001111111111
000001111111111
000001111111111
000001111111111
011111111111110
011111111111110
011111111111100
011111111111000
011111111110000
011111111110000
011111111110000

000000000000000
000000000000000
000001111100000
000001111100000
000001111111111
000001111111111
000001111111111
000001111111111
011111111111111
011111111111110
011111111111100
011111111111000
011111111110000
011111111110000
011111111110000

000000000000000
000000000000000
000001111100000
000001111100000
000001111111111
000001111111111
000001111111111
000001111111111
011111111111111
011111111111110
011111111111100
011111111111000
011111111111000
011111111110000
011111111110000

000000000000000
000000000000000
000001111100000
000001111100000
000001111111111
000001111111111
000001111111111
000001111111111
011111111111111
011111111111110
011111111111100
011111111111000
011111111111000
011111111111000
011111111110000

000000000000000
000000000000000
000001111100000
000001111100000
000001111111111
000001111111111
000001111111111
000001111111111
011111111111111
011111111111110
011111111111100
011111111111000
011111111111000
011111111111000
011111111111000

000000000000000
000000000000000
000001111100000
000001111100000
000001111111111
000001111111111
000001111111111
000001111111111
011111111111111
011111111111110
011111111111100
011111111111100
011111111111000
011111111111000
011111111111000

000000000000000
000000000000000
000001111100000
000001111100000
000001111111111
000001111111111
000001111111111
000001111111111
011111111111111
011111111111110
011111111111110
011111111111100
011111111111000
011111111111000
011111111111000

000000000000000
000000000000000
000001111100000
000001111100000
000001111111111
000001111111111
000001111111111
000001111111111
011111111111111
011111111111111
011111111111110
011111111111100
011111111111000
011111111111000
011111111111000

000000000000000
000000000000000
000001111100000
000001111100000
000001111111111
000001111111111
000001111111111
000001111111111
011111111111111
011111111111111
011111111111110
011111111111100
011111111111100
011111111111000
011111111111000

000000000000000
000000000000000
000001111100000
000001111100000
000001111111111
000001111111111
000001111111111
000001111111111
011111111111111
011111111111111
011111111111110
011111111111100
011111111111100
011111111111100
011111111111000

000000000000000
000000000000000
000001111100000
000001111100000
000001111111111
000001111111111
000001111111111
000001111111111
011111111111111
011111111111111
011111111111110
011111111111100
011111111111100
011111111111100
011111111111100

000000000000000
000000000000000
000001111100000
000001111100000
000001111111111
000001111111111
000001111111111
000001111111111
011111111111111
011111111111111
011111111111110
011111111111110
011111111111100
011111111111100
011111111111100

000000000000000
000000000000000
000001111100000
000001111100000
000001111111111
000001111111111
000001111111111
000001111111111
011111111111111
011111111111111
011111111111111
011111111111110
011111111111100
011111111111100
011111111111100

000000000000000
000000000000000
000001111100000
000001111100000
000001111111111
000001111111111
000001111111111
000001111111111
011111111111111
011111111111111
011111111111111
011111111111110
011111111111110
011111111111100
011111111111100

000000000000000
000000000000000
000001111100000
000001111100000
000001111111111
000001111111111
000001111111111
000001111111111
011111111111111
011111111111111
011111111111111
011111111111111
011111111111110
011111111111100
011111111111100

000000000000000
000000000000000
000001111100000
000001111100000
000001111111111
000001111111111
000001111111111
000001111111111
011111111111111
011111111111111
011111111111111
011111111111111
011111111111111
011111111111100
011111111111100

000111111000000
000111111001000
000111111001100
000111111111110
000111111111110
111111111111100
111111111111000
111111111110000
111111111100000
111111111000000
111111111000000
111111111000000
111111111000000
111111111100000
111111111100000

000111111000000
000111111001000
000111111001100
000111111111110
000111111111110
111111111111100
111111111111000
111111111110000
111111111110000
111111111000000
111111111000000
111111111000000
111111111000000
111111111100000
111111111100000

000111111000000
000111111001000
000111111001100
000111111111110
000111111111110
111111111111100
111111111111000
111111111110000
111111111110000
111111111000000
111111111000000
111111111000000
111111111000000
111111111110000
111111111100000

000111111000000
000111111001000
000111111001100
000111111111110
000111111111110
111111111111100
111111111111000
111111111110000
111111111110000
111111111000000
111111111000000
111111111000000
111111111000000
111111111110000
111111111110000

000111111000000
000111111001100
000111111001100
000111111111110
000111111111110
111111111111100
111111111111000
111111111110000
111111111110000
111111111000000
111111111000000
111111111000000
111111111000000
111111111110000
111111111110000

000111111000000
000111111001100
000111111001110
000111111111110
000111111111110
111111111111100
111111111111000
111111111110000
111111111110000
111111111000000
111111111000000
111111111000000
111111111000000
111111111110000
111111111110000

000111111000000
000111111001100
000111111001110
000111111111111
000111111111110
111111111111100
111111111111000
111111111110000
111111111110000
111111111000000
111111111000000
111111111000000
111111111000000
111111111110000
111111111110000

000111111000000
000111111001100
000111111001110
000111111111111
000111111111110
111111111111100
111111111111000
111111111111000
111111111110000
111111111000000
111111111000000
111111111000000
111111111000000
111111111110000
111111111110000

000111111000000
000111111001100
000111111001110
000111111111111
000111111111110
111111111111110
111111111111000
111111111111000
111111111110000
111111111000000
111111111000000
111111111000000
111111111000000
111111111110000
111111111110000

000111111000000
000111111001100
000111111001110
000111111111111
000111111111111
111111111111110
111111111111000
111111111111000
111111111110000
111111111000000
111111111000000
111111111000000
111111111000000
111111111110000
111111111110000

000111111000000
000111111001100
000111111001110
000111111111111
000111111111111
111111111111110
111111111111000
111111111111000
111111111111000
111111111000000
111111111000000
111111111000000
111111111000000
111111111110000
111111111110000

000111111000000
000111111001100
000111111001110
000111111111111
000111111111111
111111111111110
111111111111000
111111111111000
111111111111000
111111111000000
111111111000000
111111111000000
111111111000000
111111111111000
111111111110000

000111111000000
000111111001100
000111111001110
000111111111111
000111111111111
111111111111110
111111111111000
111111111111000
111111111111000
111111111000000
111111111000000
111111111000000
111111111000000
111111111111000
111111111111000

000111111000000
000111111001110
000111111001110
000111111111111
000111111111111
111111111111110
111111111111000
111111111111000
111111111111000
111111111000000
111111111000000
111111111000000
111111111000000
111111111111000
111111111111000

000111111000000
000111111001110
000111111001111
000111111111111
000111111111111
111111111111110
111111111111000
111111111111000
111111111111000
111111111000000
111111111000000
111111111000000
111111111000000
111111111111000
111111111111000

000111111000000
000111111001110
000111111001111
000111111111111
000111111111111
111111111111111
111111111111000
111111111111000
111111111111000
111111111000000
111111111000000
111111111000000
111111111000000
111111111111000
111111111111000

000111111000000
000111111001110
000111111001111
000111111111111
000111111111111
111111111111111
111111111111000
111111111111000
111111111111000
111111111000000
111111111000000
111111111000000
111111111000000
111111111111100
111111111111000

000111111000000
000111111001110
000111111001111
000111111111111
000111111111111
111111111111111
111111111111000
111111111111000
111111111111000
111111111000000
111111111000000
111111111000000
111111111000000
111111111111100
111111111111100

000111111000000
000111111001111
000111111001111
000111111111111
000111111111111
111111111111111
111111111111000
111111111111000
111111111111000
111111111000000
111111111000000
111111111000000
111111111000000
111111111111100
111111111111100

000111111000000
000111111001111
000111111001111
000111111111111
000111111111111
111111111111111
111111111111001
111111111111000
111111111111000
111111111000000
111111111000000
111111111000000
111111111000000
111111111111100
111111111111100

000111111000000
000111111001111
000111111001111
000111111111111
000111111111111
111111111111111
111111111111001
111111111111001
111111111111000
111111111000000
111111111000000
111111111000000
111111111000000
111111111111100
111111111111100

000111111000000
000111111001111
000111111001111
000111111111111
000111111111111
111111111111111
111111111111001
111111111111001
111111111111001
111111111000000
111111111000000
111111111000000
111111111000000
111111111111100
111111111111100

000111111000000
000111111001111
000111111001111
000111111111111
000111111111111
111111111111111
111111111111001
111111111111001
111111111111001
111111111000001
111111111000000
111111111000000
111111111000000
111111111111100
111111111111100

000111111000000
000111111001111
000111111001111
000111111111111
000111111111111
111111111111111
111111111111001
111111111111001
111111111111001
111111111000001
111111111000001
111111111000000
111111111000000
111111111111100
111111111111100

000111111000000
000111111001111
000111111001111
000111111111111
000111111111111
111111111111111
111111111111001
111111111111001
111111111111001
111111111000001
111111111000001
111111111000001
111111111000000
111111111111100
111111111111100

000111111000000
000111111001111
000111111001111
000111111111111
000111111111111
111111111111111
111111111111001
111111111111001
111111111111001
111111111000001
111111111000001
111111111000001
111111111000001
111111111111100
111111111111100

000111111000000
000111111001111
000111111001111
000111111111111
000111111111111
111111111111111
111111111111001
111111111111001
111111111111001
111111111000001
111111111000001
111111111000001
111111111000001
111111111111101
111111111111100

000000000011111
000000000011111
000000000011111
111111111111111
111111111111111
111111111111111
111111111111111
111111111111111
111111111111110
111111111111100
111111111111100
111111111111000
000111111111100
000111111111100
000111111111100

000000000011111
000000000011111
000000000011111
111111111111111
111111111111111
111111111111111
111111111111111
111111111111111
111111111111110
111111111111110
111111111111100
111111111111000
000111111111100
000111111111100
000111111111100

000000000011111
000000000011111
000000000011111
111111111111111
111111111111111
111111111111111
111111111111111
111111111111111
111111111111111
111111111111110
111111111111100
111111111111000
000111111111100
000111111111100
000111111111100

000000000011111
000000000011111
000000000011111
111111111111111
111111111111111
111111111111111
111111111111111
111111111111111
111111111111111
111111111111110
111111111111100
111111111111100
000111111111100
000111111111100
000111111111100

000000000011111
000000000011111
000000000011111
111111111111111
111111111111111
111111111111111
111111111111111
111111111111111
111111111111111
111111111111110
111111111111110
111111111111100
000111111111100
000111111111100
000111111111100

000000000011111
000000000011111
000000000011111
111111111111111
111111111111111
111111111111111
111111111111111
111111111111111
111111111111111
111111111111111
111111111111110
111111111111100
000111111111100
000111111111100
000111111111100

000000000011111
000000000011111
000000000011111
111111111111111
111111111111111
111111111111111
111111111111111
111111111111111
111111111111111
111111111111111
111111111111111
111111111111100
000111111111100
000111111111100
000111111111100

001111111110000
001111111110000
001111111110000
001111111110000
001111111111111
011111111111110
011111111111110
011111111111110
011111111111110
011111111111111
000111111111111
011111111111111
011111111111110
011111111111110
011111111111100

001111111110000
001111111110000
001111111110000
001111111110000
001111111111111
011111111111110
011111111111110
011111111111110
011111111111110
011111111111111
000111111111111
011111111111111
011111111111110
011111111111110
011111111111110

001111111110000
001111111110000
001111111110000
001111111110000
001111111111111
011111111111111
011111111111110
011111111111110
011111111111110
011111111111111
000111111111111
011111111111111
011111111111110
011111111111110
011111111111110

001111111110000
001111111110000
001111111110000
001111111110000
001111111111111
011111111111111
011111111111111
011111111111110
011111111111110
011111111111111
000111111111111
011111111111111
011111111111110
011111111111110
011111111111110

001111111110000
001111111110000
001111111110000
001111111110000
001111111111111
011111111111111
011111111111111
011111111111111
011111111111110
011111111111111
000111111111111
011111111111111
011111111111110
011111111111110
011111111111110

001111111110000
001111111110000
001111111110000
001111111110000
001111111111111
011111111111111
011111111111111
011111111111111
011111111111111
011111111111111
000111111111111
011111111111111
011111111111110
011111111111110
011111111111110

001111111110000
001111111110000
001111111110000
001111111110000
001111111111111
011111111111111
011111111111111
011111111111111
011111111111111
011111111111111
000111111111111
011111111111111
011111111111111
011111111111110
011111111111110

001111111110000
001111111110000
001111111110000
001111111110000
001111111111111
011111111111111
011111111111111
011111111111111
011111111111111
011111111111111
000111111111111
011111111111111
011111111111111
011111111111111
011111111111110

001111111110000
001111111110000
001111111110000
001111111110000
001111111111111
011111111111111
011111111111111
011111111111111
011111111111111
011111111111111
000111111111111
011111111111111
011111111111111
011111111111111
011111111111111

000001111111111
000001111111111
000001111111111
000001111111111
011111111111111
011111111111111
011111111111111
011111111111111
011111111111111
011111111111111
011111111111110
011111111111110
011111111111111
011111111111111
000011111111110

000001111111111
000001111111111
000001111111111
000001111111111
011111111111111
011111111111111
011111111111111
011111111111111
011111111111111
011111111111111
011111111111111
011111111111110
011111111111111
011111111111111
000011111111110

000001111111111
000001111111111
000001111111111
000001111111111
011111111111111
011111111111111
011111111111111
011111111111111
011111111111111
011111111111111
011111111111111
011111111111111
011111111111111
011111111111111
000011111111110

011111111111100
011111111111111
011111111111111
011111111111111
011111111111111
001111111111111
011111111111111
011111111111110
011111111111111
011111111111111
011111111111111
011111111111111
000000111111111
000000111111111
000000111111111

011111111111100
011111111111111
011111111111111
011111111111111
011111111111111
001111111111111
011111111111111
011111111111111
011111111111111
011111111111111
011111111111111
011111111111111
000000111111111
000000111111111
000000111111111

111111111100000
111111111100000
111111111100000
111111111111110
111111111111110
111111111111110
111111111111110
111111111111110
111111111111110
111111111111110
111111111111100
111111111111110
111111111111110
000111111111110
011111111111110

111111111100000
111111111100000
111111111100000
111111111111110
111111111111110
111111111111110
111111111111110
111111111111110
111111111111110
111111111111110
111111111111110
111111111111110
111111111111110
000111111111110
011111111111110

